   1328 308 78
    709 310 76
    641 312 74
    368 299 80
    275 299 82
    120 457 48
    111 454 46
    100 452 96
     92 455 94
     84 454 94
     75 304 83
     62 302 83
     51 456 48
     45 310 75
     33 455 77
     33 299 81
     26 457 50
     24 313 75
     24 302 84
     22 312 70
     17 304 85
     14 467 81
     12 460 50
     11 312 72
      9 312 69
      8 457 77
      8 304 84
      7 314 73
      6 313 74
      4 313 96
      3 451 96
      3 301 83
      1 465 81
      1 457 94
      1 315 73
      1 302 85
