12
12
12
13
18
14
16
15
11
12
14
14
13
13
14
12
8
8
9
9
8
13
13
11
11
12
11
13
13
12
12
14
12
13
13
14
14
16
17
13
12
13
14
12
11
13
13
13
12
13
14
11
11
11
11
12
8
11
10
11
10
14
10
12
15
10
12
12
13
12
11
13
13
13
13
13
14
12
14
11
13
16
13
12
14
14
13
15
12
15
14
14
15
14
14
14
12
12
12
11
11
12
13
11
13
11
14
14
14
12
12
11
10
13
12
11
13
12
13
14
13
14
10
13
13
12
12
10
13
11
12
12
14
13
14
13
11
10
11
8
13
11
12
10
11
9
10
10
10
12
12
11
10
10
11
13
13
13
12
12
13
12
11
13
11
13
15
15
14
12
13
14
13
14
11
13
13
13
15
16
14
14
14
14
16
13
16
13
16
12
13
16
15
15
15
13
12
14
16
15
18
18
16
14
20
17
18
14
14
13
10
13
14
13
15
14
16
12
15
13
10
14
15
15
15
16
13
14
12
11
13
11
9
11
14
13
10
12
13
12
11
10
12
12
11
11
10
9
11
11
11
12
12
11
9
12
12
9
13
13
9
10
12
11
12
11
10
11
11
10
11
13
12
12
11
12
11
11
9
10
11
10
10
10
10
13
12
10
11
10
11
11
10
11
11
10
9
12
11
14
14
12
12
11
11
11
12
13
11
11
11
12
11
12
10
11
11
11
10
11
11
12
12
10
9
11
10
12
12
12
12
10
12
13
12
10
14
11
11
14
15
13
13
13
12
11
9
15
16
17
13
