50
44
38
36
40
38
38
44
44
28
38
38
44
44
40
26
36
34
46
36
40
36
38
42
48
40
44
44
44
38
34
40
40
46
40
42
48
46
46
28
28
36
44
34
38
40
42
44
40
32
40
38
40
42
40
40
40
42
44
34
38
38
36
40
34
34
34
34
42
44
38
36
34
30
40
44
48
38
38
38
42
40
40
44
38
38
38
38
38
36
42
38
38
42
38
38
44
46
48
34
30
48
46
44
42
44
44
38
34
36
30
30
40
42
30
32
38
36
34
36
42
36
38
38
40
38
46
34
34
34
40
42
42
42
46
42
42
36
42
42
30
38
28
36
42
34
34
38
40
28
40
40
32
48
30
36
30
40
34
36
40
36
44
30
42
38
46
44
44
38
38
44
42
56
34
44
52
40
44
56
40
52
56
48
48
36
48
54
46
48
52
48
54
40
54
48
42
42
56
46
48
42
46
40
52
52
48
44
48
48
42
32
34
38
40
28
36
30
40
30
32
32
42
38
40
40
40
40
36
46
48
42
48
52
46
44
50
46
52
50
56
44
60
48
40
48
54
48
48
48
50
52
54
52
46
42
36
46
56
50
58
48
42
52
42
44
48
36
44
42
40
44
44
44
44
46
48
50
46
52
44
42
46
48
50
54
54
60
54
52
44
60
54
50
54
54
54
56
54
50
48
52
58
58
54
50
54
58
48
52
48
48
56
54
50
52
50
52
58
48
50
56
46
50
50
44
48
50
56
56
44
42
56
58
52
46
54
46
44
48
63
48
54
56
54
54
54
56
58
52
58
