13
11
17
14
13
15
16
15
16
14
12
14
14
12
15
16
12
14
13
15
11
14
14
13
14
12
13
12
14
13
13
12
12
15
14
13
14
13
14
14
14
13
13
13
14
12
12
13
13
13
11
13
13
15
13
15
15
11
13
13
14
15
13
11
13
13
13
13
13
15
14
13
13
12
13
15
13
14
13
14
14
15
13
13
13
12
12
14
12
13
14
13
13
12
11
12
14
12
13
13
13
14
13
14
13
13
14
13
14
18
14
15
16
14
14
16
15
17
16
15
14
14
14
17
16
15
13
13
12
13
13
13
12
15
14
12
15
12
11
12
13
13
12
12
12
12
14
12
14
12
11
11
11
15
11
14
12
12
13
14
13
15
12
17
14
11
15
14
12
13
13
16
14
15
13
15
14
14
15
13
16
15
14
11
14
10
13
14
13
13
11
14
14
12
13
14
13
13
16
16
14
14
17
12
14
11
16
12
15
14
14
17
17
13
16
14
15
14
12
13
17
14
14
15
15
16
15
13
13
17
14
15
14
14
15
16
13
15
16
15
13
14
12
13
15
13
12
13
17
11
11
11
9
13
13
13
11
12
10
10
10
11
11
12
13
10
9
10
12
13
10
13
11
14
14
14
13
12
14
12
12
13
12
13
12
14
15
14
12
12
12
11
13
9
11
12
12
11
11
14
12
12
13
12
12
12
12
13
12
13
14
13
13
14
13
12
16
12
14
13
10
12
13
14
13
12
13
14
13
13
13
12
12
10
15
14
13
12
11
11
10
11
12
9
11
11
12
11
11
10
13
