48
48
42
44
44
48
46
50
34
63
50
52
44
40
42
50
44
48
46
48
50
48
54
46
44
48
44
48
44
48
48
48
40
44
44
42
40
52
40
56
46
42
48
48
44
32
44
48
46
46
42
50
44
60
40
38
50
42
42
38
40
44
38
38
50
44
48
56
58
54
52
58
56
54
40
52
50
50
46
54
50
52
46
54
54
60
52
54
48
52
48
52
63
60
50
58
58
50
52
58
48
44
44
46
40
52
52
54
50
44
56
52
44
48
44
54
46
63
50
42
46
54
48
42
44
50
46
50
52
50
48
48
52
50
52
54
63
46
48
58
42
50
48
48
44
44
42
48
44
42
48
48
50
54
50
50
52
44
48
54
52
42
42
54
44
34
48
42
46
46
50
54
48
48
52
40
44
44
38
50
44
44
50
44
50
54
48
42
48
48
46
48
42
42
44
38
44
48
50
46
48
48
42
44
42
46
46
42
50
38
38
48
42
46
46
44
40
44
46
44
40
50
36
34
36
46
42
36
44
48
42
50
36
42
40
30
32
44
42
44
48
40
56
54
50
46
52
52
52
48
48
38
48
38
46
36
54
42
46
48
36
42
38
36
48
36
40
40
38
38
42
40
42
38
46
42
46
32
40
38
40
36
48
44
50
52
42
46
44
42
42
44
46
34
38
40
32
36
44
42
42
42
40
36
56
44
46
52
48
50
50
52
48
46
50
48
50
46
50
50
48
42
48
54
52
42
40
48
44
56
50
50
56
46
48
50
46
50
46
46
48
42
56
48
58
42
50
50
52
42
42
