172 50
183 80
22 78
24 76
26 75
171 94
172 50
183 80
22 78
24 76
24 78
26 75
183 80
22 78
24 76
26 75
183 80
22 78
24 76
26 75
183 80
22 78
24 76
24 78
26 75
183 80
22 78
24 76
24 78
172 50
183 80
22 78
24 76
172 50
183 80
22 78
24 76
24 78
22 78
24 76
168 75
183 80
22 78
24 76
26 74
168 75
168 94
183 80
22 78
24 76
168 75
183 80
22 78
24 76
128 70
168 75
183 80
22 78
24 76
168 75
171 94
22 78
24 76
168 75
183 80
22 78
24 76
168 75
183 80
22 78
24 76
171 94
22 78
24 76
26 74
168 75
183 80
22 78
24 76
168 96
171 94
183 80
22 78
24 76
26 74
168 75
168 96
171 94
172 50
183 80
22 78
24 76
183 80
22 78
24 76
128 70
168 96
22 78
24 76
168 96
22 78
24 76
26 74
168 96
171 48
183 80
22 78
24 76
128 70
168 96
183 80
22 78
24 76
183 80
22 78
24 76
183 80
22 78
24 76
26 74
26 75
128 70
183 80
22 78
24 76
183 80
22 78
24 76
22 78
24 76
128 70
22 78
24 76
26 75
175 50
183 80
22 78
24 76
26 75
175 50
22 78
24 76
183 80
22 78
24 76
26 75
128 70
175 50
183 80
22 78
24 76
168 96
22 78
24 76
128 70
175 50
22 78
24 76
26 75
22 78
24 76
175 50
22 78
24 76
171 48
175 50
22 78
24 76
128 70
171 48
175 50
183 80
22 78
24 76
168 96
175 50
22 78
24 76
171 48
175 50
22 78
24 76
171 48
175 50
183 80
22 78
24 76
175 50
183 80
22 78
24 76
26 75
171 48
22 78
24 76
26 75
171 48
171 94
22 78
24 76
183 80
22 78
24 76
26 74
26 75
183 80
22 78
24 76
26 75
128 70
171 94
183 80
22 78
24 76
26 75
172 48
175 50
183 80
22 78
24 76
172 48
183 80
22 78
24 76
26 75
172 48
183 80
22 78
24 76
26 75
172 48
22 78
24 76
26 75
168 94
172 48
183 80
22 78
24 76
26 75
172 48
183 80
22 78
24 76
26 75
172 48
183 80
22 78
24 76
26 75
183 80
22 78
24 76
26 75
183 80
22 78
24 76
26 75
171 48
183 80
22 78
24 76
171 48
183 80
22 78
24 76
26 74
26 75
171 94
183 80
22 78
24 76
26 75
183 80
22 78
24 76
128 70
171 94
183 80
22 78
24 76
128 70
171 94
183 80
22 78
24 76
172 48
22 78
24 76
128 70
171 94
172 48
22 78
24 76
128 70
172 48
22 78
24 76
171 94
172 48
183 80
19 83
22 78
24 76
26 75
171 94
172 48
183 80
22 78
24 76
26 75
171 94
172 48
183 80
22 78
24 76
171 94
172 48
183 80
22 78
24 76
26 75
168 96
171 94
172 48
183 80
22 78
24 76
172 48
22 78
24 76
172 48
183 80
22 78
24 76
171 94
172 48
183 80
22 78
24 76
26 75
171 94
172 48
183 80
22 78
24 76
168 96
171 94
172 48
183 80
22 78
24 76
168 96
172 48
183 80
22 78
24 76
168 96
171 94
172 48
183 80
22 78
24 76
26 75
128 70
168 96
171 77
171 94
172 48
183 80
19 83
22 78
24 76
128 70
171 94
172 48
183 80
22 78
24 76
128 70
171 94
172 48
22 78
24 76
128 70
171 94
172 48
183 80
22 78
24 76
171 94
172 48
183 80
22 78
24 76
26 76
171 94
172 48
183 80
22 78
24 76
26 72
171 94
172 48
183 80
22 78
24 76
26 72
171 94
172 48
22 78
24 76
26 72
171 94
172 48
183 80
22 78
24 76
171 94
172 48
175 50
183 80
22 78
24 76
171 94
172 48
183 80
22 78
24 76
171 94
172 48
183 80
22 78
24 76
128 70
171 94
172 48
183 80
22 78
24 76
171 94
172 48
183 80
22 78
24 76
171 94
172 48
183 80
22 78
24 76
128 70
168 96
171 94
172 48
183 80
22 78
24 76
171 94
172 48
183 80
22 78
24 76
128 70
171 94
183 80
22 78
24 76
26 75
171 94
183 80
22 78
24 76
171 94
183 80
22 78
24 76
128 70
171 94
172 48
22 78
24 76
171 94
172 48
22 78
24 76
128 70
171 94
172 48
22 78
24 76
172 48
183 80
22 78
24 76
26 72
171 94
172 48
181 83
183 80
22 78
24 76
26 72
172 48
183 80
22 78
24 76
26 72
128 70
171 94
172 48
22 78
24 76
26 72
171 94
172 48
183 80
22 78
24 76
26 72
171 94
172 48
181 81
183 80
22 78
24 76
26 72
171 94
172 48
181 81
22 78
24 76
26 72
171 94
172 48
183 80
22 78
24 76
171 94
172 48
183 80
22 78
24 76
26 72
128 70
171 94
172 48
181 81
22 78
24 76
26 72
171 94
172 48
183 80
22 78
24 76
26 72
171 94
172 48
183 80
22 78
24 76
26 72
128 70
171 94
172 48
183 80
22 78
24 76
26 72
171 94
172 48
22 78
24 76
26 72
128 70
171 94
22 78
24 76
26 72
128 70
171 94
172 48
22 78
24 76
26 72
26 74
128 70
171 94
172 48
183 80
22 78
24 76
26 72
171 77
172 48
22 78
24 76
26 72
168 96
171 94
183 80
22 78
24 76
26 72
171 94
172 48
183 80
22 78
24 76
26 72
171 94
172 48
22 78
24 76
171 94
172 48
183 80
22 78
24 76
172 48
22 78
24 76
171 94
180 81
22 78
24 76
26 72
171 94
22 78
24 76
26 72
168 75
181 83
22 78
24 76
26 72
128 70
171 94
172 48
181 83
22 78
24 76
128 70
168 96
171 94
172 48
183 80
22 78
24 76
26 72
168 96
171 94
172 48
22 78
24 76
171 94
171 96
183 80
22 78
24 76
171 94
181 81
22 78
24 76
26 72
171 94
172 48
181 81
22 78
24 76
26 74
171 94
22 78
24 76
128 70
168 96
171 94
172 48
183 80
22 78
24 76
171 94
181 81
22 78
24 76
128 70
22 78
24 76
26 72
128 70
171 94
183 80
22 78
24 76
26 72
128 70
171 48
181 81
22 78
24 76
26 72
128 70
183 80
22 78
24 76
26 72
22 78
24 76
26 72
171 48
181 81
22 78
24 76
26 72
26 76
180 81
183 80
22 78
24 76
26 72
183 80
22 78
24 76
24 78
26 72
26 75
171 94
22 78
24 76
26 72
169 75
181 81
22 78
24 76
26 72
169 75
183 80
22 78
24 76
26 72
171 77
181 81
22 78
24 76
26 72
183 80
22 78
24 76
26 72
128 70
171 48
171 77
171 94
181 81
183 80
22 78
24 76
26 72
171 48
181 81
22 78
24 76
26 72
128 70
171 94
22 78
24 76
26 72
128 70
168 96
171 77
181 83
22 78
24 76
26 72
128 70
171 77
181 81
22 78
24 76
26 72
171 75
171 77
181 81
22 78
24 76
26 72
128 70
168 96
171 77
172 48
183 80
22 78
24 76
26 72
168 75
171 77
183 80
22 78
24 76
26 72
128 70
171 75
171 77
172 48
183 80
22 78
24 76
26 72
171 75
171 77
172 48
183 80
22 78
24 76
26 72
171 77
22 78
24 76
26 72
171 77
183 80
22 78
24 76
26 72
128 70
171 77
183 80
22 78
24 76
26 72
128 70
171 77
171 94
22 78
24 76
26 72
171 77
183 80
22 78
24 76
26 72
171 77
183 80
22 78
24 76
26 72
171 77
22 78
24 76
26 72
171 77
183 80
22 78
24 76
26 72
128 70
171 75
171 77
22 78
24 76
26 72
128 70
171 77
22 78
24 76
26 72
128 70
171 77
183 80
22 78
24 76
26 72
128 70
171 75
171 77
183 80
22 78
24 76
26 72
128 70
171 77
183 80
22 78
24 76
26 72
128 70
171 77
183 80
22 78
24 76
26 72
171 77
183 80
22 78
24 76
26 72
171 77
183 80
22 78
24 76
26 72
128 70
171 77
183 80
22 78
24 76
26 72
171 77
183 80
22 78
24 76
26 72
128 70
171 77
22 78
24 76
26 72
171 75
171 77
183 80
22 78
24 76
26 70
26 72
128 70
171 75
171 77
181 81
22 78
24 76
26 72
168 75
171 77
183 80
22 78
24 76
24 78
26 72
26 75
171 77
22 78
24 76
26 70
26 72
128 70
171 77
183 80
22 78
24 76
26 72
128 70
168 96
171 77
183 80
22 78
24 76
26 72
26 75
128 70
171 77
183 80
22 78
24 76
26 72
26 75
171 77
22 78
24 76
26 72
171 77
183 80
22 78
24 76
26 72
171 48
171 77
22 78
24 76
26 70
26 72
171 77
171 94
183 80
22 78
24 76
26 72
26 75
171 77
183 80
22 78
24 76
26 72
128 70
171 48
171 77
183 80
22 78
24 76
26 72
26 75
183 80
22 78
24 76
26 72
26 75
183 80
22 78
24 76
26 72
171 77
181 82
22 78
24 76
26 72
181 81
22 78
24 76
26 72
183 80
22 78
24 76
26 72
26 75
171 77
171 94
22 78
24 76
26 72
26 75
171 94
183 80
22 78
24 76
26 72
183 80
22 78
24 76
26 72
22 78
24 76
26 72
22 78
24 76
26 72
128 70
171 94
183 80
22 78
24 76
128 70
22 78
24 76
26 70
26 72
128 70
22 78
24 76
171 94
183 80
22 78
24 76
26 72
175 50
183 80
22 78
24 76
26 72
128 70
171 48
22 78
24 76
26 70
26 72
183 80
22 78
24 76
26 72
26 75
171 94
183 80
22 78
24 76
26 72
26 75
22 78
24 76
26 75
171 94
172 50
183 80
22 78
24 76
24 78
26 72
26 75
171 48
172 50
183 80
22 78
24 76
26 72
26 75
22 78
24 76
26 72
168 94
22 78
24 76
26 72
22 78
24 76
26 72
168 94
183 80
22 78
24 76
26 72
128 70
168 94
171 48
181 83
22 78
24 76
181 81
183 80
22 78
24 76
26 72
168 94
181 81
183 80
22 78
24 76
26 74
168 94
181 81
22 78
24 76
26 74
168 94
181 81
22 78
24 76
168 48
168 94
181 81
22 78
24 76
26 74
168 94
22 78
24 76
168 94
181 81
183 80
22 78
24 76
26 74
168 94
181 83
183 80
22 78
24 76
168 94
181 81
22 78
24 76
26 74
26 75
168 94
181 81
183 80
22 78
24 76
26 74
168 94
22 78
24 76
168 96
22 78
24 76
168 94
181 83
182 82
183 80
22 78
24 76
26 74
168 94
181 81
181 82
183 80
22 78
24 76
168 94
181 81
183 80
22 78
24 76
168 94
22 78
24 76
168 48
168 94
183 80
22 78
24 76
26 75
183 80
22 78
24 76
26 74
168 48
168 94
183 80
22 78
24 76
26 75
168 94
183 80
22 78
24 76
168 94
181 81
183 80
22 78
24 76
26 75
172 50
175 50
181 81
183 80
22 78
24 76
168 94
175 50
183 80
22 78
24 76
26 74
26 75
168 94
181 81
183 80
22 78
24 76
168 94
181 81
183 80
22 78
24 76
26 72
26 75
168 94
183 80
22 78
24 76
26 70
26 72
26 74
168 94
181 81
183 80
22 78
24 76
26 74
128 70
168 94
183 80
22 78
24 76
26 74
168 94
181 81
183 80
22 78
24 76
168 94
183 80
22 78
24 76
26 74
168 94
181 81
183 80
22 78
24 76
26 74
26 75
168 94
181 81
183 80
22 78
24 76
181 81
183 80
22 78
24 76
183 80
22 78
24 76
26 74
183 80
22 78
24 76
183 80
22 78
24 76
26 74
181 81
183 80
22 78
24 76
172 50
181 81
183 80
22 78
24 76
26 74
181 81
183 80
22 78
24 76
26 74
168 94
183 80
22 78
24 76
26 74
26 96
168 94
183 80
22 78
24 76
26 74
183 80
22 78
24 76
26 74
171 94
181 81
181 83
183 80
22 78
24 76
26 74
183 80
22 78
24 76
181 83
183 80
22 78
24 76
26 74
26 75
183 80
22 78
24 76
26 74
168 94
181 83
183 80
22 78
24 76
26 75
168 96
183 80
22 78
24 76
26 74
168 94
172 50
181 83
182 83
183 80
22 78
24 76
26 74
168 94
181 83
183 80
22 78
24 76
181 83
183 80
22 78
24 76
168 94
181 81
183 80
22 78
24 76
26 74
168 94
172 48
183 80
22 78
24 76
172 48
22 78
24 76
172 48
183 80
22 78
24 76
128 70
172 48
183 80
22 78
24 76
172 48
22 78
24 76
26 74
171 94
172 48
183 80
22 78
24 76
26 74
171 94
172 48
181 83
22 78
24 76
26 74
171 94
172 48
181 81
22 78
24 76
128 70
171 94
172 48
181 83
183 80
22 78
24 76
128 70
171 94
172 48
183 80
183 82
22 78
24 76
171 94
172 48
182 82
183 80
22 78
24 76
171 94
172 48
183 80
22 78
24 76
171 94
172 48
183 80
22 78
24 76
26 74
171 94
172 48
183 80
22 78
24 76
26 74
171 94
172 48
183 80
22 78
24 76
171 94
172 48
181 81
183 80
22 78
24 76
128 70
171 94
172 48
183 80
22 78
24 76
171 94
172 48
183 80
22 78
24 76
128 70
168 75
171 94
172 48
183 80
22 78
24 76
171 94
172 48
180 52
183 80
22 78
24 76
26 74
171 94
172 48
183 80
22 78
24 76
26 74
128 70
172 48
183 80
22 78
24 76
26 74
128 70
171 94
183 80
22 78
24 76
171 94
172 48
181 81
182 82
183 80
22 78
24 76
26 74
171 94
172 48
183 80
22 78
24 76
171 94
172 48
183 80
22 78
24 76
26 74
171 94
172 48
180 52
183 80
22 78
24 76
26 74
171 94
172 48
181 81
183 80
22 78
24 76
26 74
171 94
172 48
183 80
22 78
24 76
26 74
183 80
22 78
24 76
26 74
