36
38
42
36
42
30
34
40
42
32
40
42
38
44
32
48
42
42
42
38
38
38
36
38
38
42
42
38
42
44
36
46
38
40
40
38
44
34
36
38
38
42
26
40
48
46
38
50
40
44
34
50
32
34
34
38
46
44
42
36
40
38
44
48
46
40
38
48
48
40
48
36
46
42
48
44
52
46
42
44
56
46
38
38
38
38
32
36
44
30
42
46
42
48
42
34
42
50
42
36
38
36
42
38
32
40
46
36
32
28
44
44
42
34
36
38
38
34
42
36
38
40
40
38
36
42
36
36
46
46
30
46
44
38
32
40
42
42
32
40
38
36
36
34
36
42
46
42
44
38
46
50
40
48
48
44
46
52
48
36
44
56
46
38
46
44
44
46
36
44
34
38
40
30
36
42
46
46
44
48
44
40
50
32
40
56
38
40
42
42
46
44
34
42
50
44
34
40
40
40
50
32
44
46
40
40
36
46
46
52
44
44
44
44
40
40
46
40
48
38
28
42
36
40
34
42
38
38
38
40
34
38
36
26
38
40
38
42
38
44
38
38
30
42
38
36
46
36
36
36
38
40
40
36
38
38
46
34
36
38
32
46
34
38
40
42
36
40
36
40
34
32
34
34
32
36
38
36
28
36
38
34
36
32
34
34
30
32
38
44
36
30
40
40
36
42
34
40
38
38
32
