8
9
6
7
8
6
6
7
4
7
7
7
7
6
6
6
6
7
8
10
5
7
6
8
7
5
7
6
5
4
6
7
5
5
7
5
7
4
5
7
9
6
7
8
7
5
6
8
6
8
7
7
7
6
8
7
7
6
6
6
8
6
5
7
6
5
7
6
9
8
7
8
9
5
6
8
7
8
8
10
11
8
8
9
8
7
8
8
6
8
7
7
8
7
7
10
7
8
7
6
9
6
8
7
8
7
9
8
9
8
7
8
8
9
8
10
7
7
9
11
8
9
10
6
7
6
7
6
6
8
10
9
8
7
8
5
9
6
6
7
8
9
5
9
7
8
6
7
7
8
7
11
8
7
9
9
9
11
8
11
9
6
7
8
8
6
7
5
7
8
8
8
9
8
8
7
7
8
7
7
9
9
10
8
9
9
9
6
8
8
9
7
10
8
6
7
6
8
8
8
6
5
5
6
8
5
7
6
8
7
8
5
10
9
5
6
5
7
8
7
10
10
7
9
5
8
7
9
8
7
6
9
8
7
4
8
6
8
7
9
8
10
7
10
9
9
9
9
7
8
7
6
6
5
6
6
8
8
8
6
6
8
5
8
6
8
7
10
6
6
9
7
5
6
8
6
9
9
6
8
7
8
7
8
8
7
8
8
6
8
10
9
9
6
10
7
9
9
9
8
5
