   2428 24 76
   2308 22 78
   1308 26 74
    665 183 80
    440 15 82
    381 166 96
    363 26 72
    263 168 75
    229 22 59
    218 26 69
    217 171 94
    196 168 94
    194 175 50
    163 168 46
    161 26 70
    159 24 75
    147 128 70
    137 171 48
    123 172 48
    113 183 82
    106 169 94
    105 15 84
     99 172 50
     97 179 50
     91 171 77
     86 168 96
     75 15 83
     74 180 81
     58 167 96
     56 180 52
     54 26 75
     45 181 81
     37 26 61
     30 180 50
     26 183 81
     23 19 85
     20 171 75
     18 16 83
     16 181 83
     12 24 60
     10 15 85
      8 24 78
      8 15 80
      6 168 73
      5 179 52
      4 170 94
      4 168 48
      3 26 76
      3 182 82
      3 169 75
      2 27 72
      2 26 60
      2 19 83
      2 182 81
      2 181 82
      2 180 82
      2 175 48
      2 172 77
      2 15 81
      1 26 96
      1 182 83
      1 172 94
      1 171 96
      1 171 50
      1 170 48
      1 168 74
      1 163 77
      1 128 61
