    599 24 76
    591 22 78
    501 26 74
    381 166 96
    214 26 69
    163 168 46
    159 24 75
    112 183 82
    106 169 94
    103 15 84
     84 171 48
     69 15 82
     58 167 96
     53 183 80
     52 171 94
     46 15 83
     42 168 94
     41 168 75
     36 172 50
     35 26 61
     34 180 81
     26 183 81
     25 175 50
     23 19 85
     12 171 77
     10 15 85
      8 15 80
      6 22 59
      5 179 52
      4 26 70
      3 180 52
      2 27 72
      2 168 96
      2 168 73
      1 26 60
      1 171 50
      1 163 77
      1 15 81
