   1203 24 76
   1202 22 78
    774 26 74
    665 183 80
    440 15 82
    303 26 72
    251 168 75
    243 166 96
    218 26 69
    209 171 94
    191 175 50
    175 22 59
    163 168 46
    159 24 75
    158 26 70
    154 168 94
    142 128 70
    127 171 48
    117 172 48
    113 183 82
    105 169 94
    103 15 84
     99 172 50
     85 179 50
     82 171 77
     75 15 83
     74 180 81
     68 168 96
     58 167 96
     56 180 52
     54 26 75
     45 181 81
     30 180 50
     29 26 61
     26 183 81
     23 19 85
     20 171 75
     18 16 83
     15 181 83
     12 24 60
     10 15 85
      8 15 80
      7 24 78
      6 168 73
      4 179 52
      4 170 94
      4 168 48
      3 26 76
      3 182 82
      3 169 75
      2 27 72
      2 26 60
      2 19 83
      2 182 81
      2 181 82
      2 180 82
      2 175 48
      2 172 77
      2 15 81
      1 26 96
      1 182 83
      1 172 94
      1 171 96
      1 171 50
      1 170 48
      1 168 74
      1 163 77
      1 128 61
