8
10
12
10
7
8
9
7
7
9
7
10
8
9
9
8
9
11
11
10
9
10
9
8
8
10
8
12
13
11
11
11
11
13
9
8
10
11
10
10
11
9
9
14
16
12
14
14
9
13
11
12
14
11
11
12
10
13
10
10
12
12
13
13
12
11
10
11
12
11
12
11
11
12
12
12
13
11
13
13
10
12
12
13
11
9
9
11
8
9
10
10
10
9
13
8
12
10
13
11
10
12
14
10
11
10
13
14
12
13
12
12
12
12
8
10
10
13
12
10
15
16
13
17
15
16
14
16
12
16
12
13
12
13
13
13
16
19
13
14
16
14
11
15
13
14
10
10
12
11
14
12
10
12
12
13
13
12
12
13
13
14
13
13
12
13
13
13
12
12
11
13
13
14
10
15
15
15
11
14
13
16
13
11
12
12
12
12
11
11
12
13
13
13
14
12
13
15
13
10
17
13
11
13
13
17
10
11
12
15
13
12
15
13
10
14
11
14
16
10
14
11
12
14
12
14
13
12
12
14
13
14
14
16
12
12
13
11
13
14
15
13
13
14
13
13
11
11
14
13
13
11
11
11
12
12
10
12
16
12
14
11
13
14
14
13
15
13
13
12
13
12
11
12
12
13
14
12
12
12
13
14
9
12
13
13
9
13
12
13
11
12
10
11
13
11
12
10
13
13
9
