32
44
44
44
40
32
44
32
42
38
42
42
40
36
36
38
34
46
38
38
40
38
44
38
46
44
40
44
46
44
48
34
44
40
38
42
40
46
46
40
38
30
36
32
32
46
36
50
36
42
42
44
44
40
38
42
44
48
42
48
40
46
42
46
40
46
48
42
46
44
44
46
42
44
44
44
54
38
50
40
42
44
26
52
44
48
38
44
38
40
38
46
38
46
42
36
38
36
44
34
44
48
42
44
52
46
48
48
42
50
50
46
38
46
50
44
48
48
42
50
52
50
40
50
38
46
50
46
52
54
46
48
42
44
46
50
46
40
44
50
46
52
44
46
48
50
50
48
54
44
48
46
54
50
42
54
46
48
50
50
54
52
52
40
46
48
40
44
42
46
44
42
44
48
46
44
50
54
60
50
40
48
48
46
46
46
50
42
44
44
46
46
38
44
52
46
46
50
54
52
58
50
63
56
52
52
54
58
52
52
63
54
50
56
54
60
56
56
60
54
52
48
52
48
63
58
46
52
52
54
60
52
54
52
60
52
52
48
48
50
48
46
48
46
46
42
60
60
54
44
44
48
54
56
52
50
48
54
52
30
54
44
54
52
58
56
52
54
54
56
42
48
44
48
54
52
52
58
54
50
50
54
48
58
52
52
50
50
48
46
56
50
48
44
38
44
58
54
52
54
40
