    623 24 76
    573 22 78
    548 26 74
    258 15 82
    223 22 59
    150 183 80
    118 168 75
    105 175 50
     94 168 94
     53 172 50
     42 171 94
     34 171 77
     29 171 48
     25 180 52
     13 171 75
     12 24 60
      8 168 96
      8 16 83
      6 26 70
      6 128 70
      4 170 94
      4 168 73
      2 26 61
      2 182 81
      2 172 77
      1 181 81
      1 172 48
      1 170 48
      1 169 75
      1 168 74
      1 168 48
      1 15 84
      1 15 83
      1 15 81
      1 128 61
