6
8
9
10
7
9
7
7
5
7
6
6
10
11
6
8
11
10
9
9
8
9
10
10
9
10
10
8
9
7
9
9
8
8
10
8
9
7
8
10
11
11
13
10
8
10
9
10
9
9
10
11
9
10
12
10
10
10
12
11
12
12
9
11
11
11
8
10
8
8
11
11
10
10
9
9
9
11
11
10
10
10
10
11
7
10
10
11
10
8
13
8
9
11
9
9
14
11
10
9
12
10
14
11
15
12
11
10
10
10
10
9
11
9
9
13
11
11
12
10
15
12
11
8
9
8
11
10
9
11
10
10
12
7
8
11
11
10
9
9
9
9
9
10
9
6
12
8
10
8
9
8
10
8
9
9
10
8
11
9
8
7
9
10
9
9
9
10
9
9
9
10
8
7
8
7
6
6
10
9
9
9
9
8
8
11
10
9
8
8
8
8
8
7
8
7
9
10
10
10
9
12
14
13
9
11
9
13
10
8
12
12
10
11
9
10
8
10
12
13
12
11
11
12
13
12
11
12
13
11
10
12
9
8
10
13
12
11
11
11
11
11
10
10
10
15
12
11
12
13
12
7
7
9
6
8
11
9
10
11
10
11
8
10
9
10
11
10
10
9
13
8
10
8
10
11
9
10
8
11
11
8
12
11
10
9
10
11
10
12
10
14
11
13
10
11
11
9
10
9
11
