42
44
36
40
34
34
36
40
34
34
44
34
32
38
32
42
46
36
40
44
44
40
44
34
42
48
34
46
36
38
46
42
38
34
30
38
40
42
34
40
46
36
42
42
32
38
38
44
32
34
42
32
38
40
40
42
34
42
48
48
46
34
44
44
46
44
36
40
42
38
46
44
38
38
50
42
38
44
48
46
34
36
40
48
32
36
30
30
38
36
38
34
42
44
34
38
48
42
38
38
46
44
42
48
42
46
48
44
38
40
48
52
42
36
34
48
42
40
40
52
42
40
42
42
42
34
44
38
36
44
44
38
48
46
36
40
34
42
38
40
38
42
44
38
40
42
42
36
44
40
38
36
46
38
36
46
44
42
48
44
38
46
44
44
44
46
44
50
48
50
34
42
36
34
30
34
38
42
30
32
30
36
32
34
32
42
38
36
32
34
42
26
30
38
38
34
32
34
28
32
38
34
38
44
26
40
38
32
40
44
40
46
38
30
42
38
40
44
46
42
40
50
46
44
44
50
46
42
48
36
46
38
42
36
40
42
34
44
40
40
34
34
34
38
42
42
32
38
38
32
44
36
30
32
40
38
36
28
40
36
44
36
44
44
32
38
40
44
48
42
38
42
44
38
38
40
44
42
44
38
36
36
42
38
26
36
34
44
40
34
38
42
34
42
36
40
38
44
38
40
36
