   4998 308 78
   2832 310 76
   2647 312 74
   1466 299 82
   1004 299 80
    932 302 85
    875 304 85
    393 299 81
    361 457 48
    337 455 94
    288 301 83
    191 313 75
    166 301 85
    151 454 46
    138 312 70
    119 454 94
    102 314 73
    101 452 96
     90 456 48
     87 467 81
     83 302 83
     77 304 83
     68 465 81
     61 312 72
     60 302 84
     54 457 50
     46 461 50
     45 310 75
     35 465 82
     33 455 77
     22 460 50
     21 313 74
     15 313 96
      9 467 82
      9 457 77
      9 454 48
      9 312 69
      8 310 78
      8 304 84
      7 451 96
      6 315 96
      4 303 85
      3 467 83
      2 310 60
      1 457 94
      1 414 70
      1 315 98
      1 315 73
      1 312 96
