   1404 310 76
   1404 308 78
   1386 312 74
   1114 299 82
    877 299 80
    818 304 85
    603 302 85
    383 299 81
    361 457 48
    327 455 94
    288 301 83
    156 301 85
    143 313 75
    141 454 46
    138 312 70
    118 454 94
    102 314 73
     87 456 48
     82 302 83
     79 467 81
     77 304 83
     68 465 81
     64 452 96
     61 312 72
     60 302 84
     54 457 50
     46 461 50
     45 310 75
     35 465 82
     33 455 77
     22 460 50
     21 313 74
     15 313 96
      9 457 77
      9 312 69
      8 454 48
      8 310 78
      8 304 84
      7 467 82
      6 315 96
      4 451 96
      4 303 85
      3 467 83
      2 310 60
      1 457 94
      1 414 70
      1 315 98
      1 315 73
      1 312 96
