48
50
50
52
50
52
50
46
50
50
42
54
48
46
50
56
56
42
44
52
48
44
50
50
46
52
54
50
54
50
50
54
56
48
48
50
50
52
56
48
44
52
50
58
42
48
52
50
38
46
40
48
48
46
44
52
56
48
46
50
48
54
48
52
54
54
63
54
50
50
40
42
54
50
56
50
63
52
48
48
42
46
44
50
44
40
50
52
52
56
48
46
52
56
58
46
54
48
54
58
56
58
50
54
54
48
52
52
58
50
48
58
50
54
48
52
56
48
56
56
50
52
50
63
46
48
63
54
56
58
56
54
58
56
40
54
48
40
50
56
54
50
48
42
60
54
46
58
52
58
46
50
48
52
50
58
56
52
48
46
52
56
50
44
52
52
52
50
48
50
44
50
46
56
46
42
50
56
46
40
52
42
42
38
48
58
52
50
50
52
44
48
36
46
52
52
50
46
40
52
44
48
48
50
50
56
54
46
54
54
50
40
46
44
52
48
40
40
54
52
38
58
40
46
48
48
56
48
44
42
46
50
48
44
54
46
54
48
54
54
52
46
50
48
50
52
46
52
58
50
48
48
50
46
46
46
50
50
52
46
48
48
46
52
50
44
38
58
54
52
48
48
50
46
50
52
46
50
56
44
48
46
48
44
56
52
46
50
44
46
54
48
52
46
40
54
50
60
46
42
50
52
44
48
42
36
48
50
48
46
42
50
58
50
50
54
56
44
52
42
44
42
48
54
56
54
54
54
52
48
48
40
46
54
42
40
52
50
42
40
48
50
52
56
58
50
50
54
52
56
40
