12
14
15
13
13
14
16
14
14
14
14
10
16
14
16
16
17
11
11
12
12
12
11
11
9
14
14
13
14
14
12
13
15
13
14
12
14
15
14
14
15
17
17
16
14
14
14
12
13
15
12
12
13
11
12
15
10
16
14
13
12
13
12
11
12
13
13
13
14
12
13
12
11
13
13
12
11
11
14
17
12
10
13
13
11
10
13
14
16
14
14
15
15
17
16
12
14
14
16
15
13
15
12
13
14
15
15
12
13
15
13
14
13
15
12
13
14
11
13
15
12
12
11
11
14
13
13
12
14
14
13
14
10
12
12
13
14
12
14
13
13
15
14
13
11
12
12
11
12
14
12
11
14
13
13
13
14
12
11
13
12
12
12
7
12
13
13
14
13
14
13
12
13
13
14
13
15
15
17
12
16
17
14
15
14
15
13
15
15
17
14
13
13
14
15
14
16
12
16
17
13
13
16
16
14
16
14
15
14
13
16
14
14
11
14
14
13
14
13
16
16
14
14
14
13
13
16
11
12
12
13
14
13
15
15
16
15
17
16
16
16
16
16
17
13
13
16
19
15
14
12
14
16
14
14
14
15
13
15
15
12
15
17
16
14
15
14
18
15
19
16
13
15
14
15
14
16
14
13
13
14
11
11
12
12
14
14
11
10
12
11
10
11
11
13
10
10
14
14
12
12
16
13
14
13
13
14
14
13
14
13
16
18
16
14
15
13
14
16
14
14
13
13
13
13
14
13
14
14
14
15
12
13
13
12
13
13
14
14
15
14
15
16
14
15
17
14
14
14
17
15
