40
40
38
38
46
44
36
36
36
40
38
40
44
30
36
42
34
40
36
38
40
38
48
40
38
38
32
32
44
34
42
42
30
32
44
36
38
44
40
36
34
46
34
30
38
36
30
46
38
40
34
38
36
38
32
30
30
34
40
34
36
46
42
44
38
38
34
46
36
40
30
34
38
34
36
36
44
34
40
44
32
34
40
34
40
38
38
30
38
38
36
36
36
28
40
40
40
32
48
34
44
38
30
40
40
30
34
30
26
34
28
22
28
30
42
30
34
30
34
32
40
32
38
42
38
36
32
34
38
36
34
30
34
34
28
32
40
26
30
30
34
28
28
38
32
28
40
34
30
28
36
32
40
36
36
32
34
40
34
42
42
36
38
40
42
44
44
42
38
38
40
40
46
38
34
34
38
40
30
38
40
40
38
38
38
36
32
34
34
32
36
42
46
48
44
32
40
44
40
30
44
34
32
40
36
42
36
38
40
40
42
32
34
28
42
36
38
42
42
40
36
38
42
34
40
38
36
40
38
40
42
36
46
42
38
42
42
46
42
38
44
40
40
32
36
42
38
34
40
46
40
40
44
46
36
46
32
44
42
30
38
32
46
40
36
42
38
34
44
44
46
36
34
40
44
44
30
30
36
36
40
32
38
46
42
34
36
36
38
32
40
34
46
40
48
50
34
42
38
36
40
