42
46
40
46
44
40
38
36
48
38
42
56
38
36
44
32
44
36
40
44
40
42
42
38
40
40
40
30
44
50
42
40
40
36
42
40
54
38
48
40
42
50
48
50
52
52
46
52
42
44
46
46
48
44
52
50
50
54
46
44
50
52
50
50
46
48
46
44
46
38
36
46
54
52
52
44
42
32
46
42
54
42
48
48
48
44
48
56
52
46
58
48
48
48
50
48
54
44
48
46
48
38
52
56
42
46
48
44
58
54
58
48
54
54
52
60
56
54
63
50
48
38
48
58
52
50
54
42
60
46
56
42
48
46
50
46
42
50
63
54
58
50
60
60
60
54
56
60
56
56
60
56
56
52
50
46
60
56
54
60
52
63
52
56
50
63
58
56
50
60
56
56
52
58
54
46
52
56
50
52
48
54
54
54
46
58
56
50
52
54
52
58
52
50
60
54
54
52
52
46
48
56
48
60
63
58
63
56
52
58
60
46
63
54
52
48
58
52
52
63
60
56
63
52
54
46
58
52
54
58
54
56
58
50
50
50
58
54
48
54
56
54
54
48
50
52
52
48
54
63
52
58
52
50
56
42
50
46
63
50
60
63
60
50
48
46
56
50
58
50
52
54
63
60
63
60
58
54
56
56
52
48
48
52
52
56
52
40
48
52
38
54
52
40
40
50
44
50
54
46
56
48
50
56
56
50
36
60
46
46
54
58
48
48
44
48
46
42
50
56
56
52
48
50
56
56
52
50
50
56
52
48
46
52
48
48
50
46
48
30
42
56
52
46
48
52
48
50
50
50
54
