11
13
10
13
12
10
12
12
11
12
11
10
11
11
9
12
11
11
10
10
12
11
10
11
10
10
11
9
14
10
11
11
12
11
12
13
12
10
12
11
13
9
13
12
10
10
12
13
10
10
9
9
11
9
12
11
10
11
13
10
13
10
12
10
15
11
11
9
13
10
10
10
11
13
12
14
13
12
12
12
12
13
12
10
11
12
13
12
10
12
14
14
12
13
14
12
14
12
13
12
13
12
12
15
12
11
13
12
10
13
12
11
12
12
12
10
15
12
14
12
14
12
14
14
12
12
13
13
14
12
13
13
11
13
13
12
13
13
13
16
12
12
15
13
13
15
12
13
13
13
12
13
12
12
14
11
13
15
13
13
13
13
11
14
12
13
14
12
16
14
14
16
13
17
14
11
16
15
14
13
13
12
13
12
11
11
11
14
11
13
12
13
12
10
11
16
12
12
13
12
11
14
13
14
13
13
13
14
12
13
14
12
13
16
17
15
15
17
16
17
17
14
12
16
14
13
12
13
11
12
12
12
13
11
11
11
11
11
9
10
11
12
10
11
11
11
12
12
12
10
11
11
14
14
12
10
9
13
11
11
13
11
11
11
10
10
11
10
12
11
11
11
9
13
10
11
12
12
12
11
10
11
11
11
10
10
10
10
11
9
11
11
10
8
14
13
12
11
12
10
11
10
11
11
14
12
12
12
12
11
10
11
12
13
12
13
10
11
10
11
15
12
12
12
14
13
12
12
11
12
12
13
12
13
11
14
14
16
10
13
12
13
12
11
15
13
13
13
13
10
11
